beacon 1 0 [1 0 0] B1
beacon -1 0 [1 0 0] B2
wall 0.0000 -1.0000 0.1715 -0.9852
wall 0.1715 -0.9852 0.3379 -0.9412
wall 0.3379 -0.9412 0.4943 -0.8693
wall 0.4943 -0.8693 0.6361 -0.7716
wall 0.6361 -0.7716 0.7590 -0.6511
wall 0.7590 -0.6511 0.8594 -0.5113
wall 0.8594 -0.5113 0.9344 -0.3563
wall 0.9344 -0.3563 0.9816 -0.1908
wall 0.9816 -0.1908 0.9998 -0.0196
wall 0.9998 -0.0196 0.9884 0.1521
wall 0.9884 0.1521 0.9476 0.3194
wall 0.9476 0.3194 0.8788 0.4772
wall 0.8788 0.4772 0.7840 0.6208
wall 0.7840 0.6208 0.6659 0.7461
wall 0.6659 0.7461 0.5281 0.8492
wall 0.5281 0.8492 0.3746 0.9272
wall 0.3746 0.9272 0.2100 0.9777
wall 0.2100 0.9777 0.0393 0.9992
wall 0.0393 0.9992 -0.1327 0.9912
wall -0.1327 0.9912 -0.3007 0.9537
wall -0.3007 0.9537 -0.4598 0.8880
wall -0.4598 0.8880 -0.6053 0.7960
wall -0.6053 0.7960 -0.7328 0.6804
wall -0.7328 0.6804 -0.8387 0.5446
wall -0.8387 0.5446 -0.9197 0.3927
wall -0.9197 0.3927 -0.9734 0.2292
wall -0.9734 0.2292 -0.9983 0.0589
wall -0.9983 0.0589 -0.9936 -0.1132
wall -0.9936 -0.1132 -0.9594 -0.2819
wall -0.9594 -0.2819 -0.8969 -0.4423
wall -0.8969 -0.4423 -0.8077 -0.5895
wall -0.8077 -0.5895 -0.6947 -0.7193

wall 0.7167 -1.8672 0.8304 -1.8195
wall 0.8304 -1.8195 0.9409 -1.7649
wall 0.9409 -1.7649 1.0478 -1.7036
wall 1.0478 -1.7036 1.1507 -1.6358
wall 1.1507 -1.6358 1.2493 -1.5618
wall 1.2493 -1.5618 1.3431 -1.4819
wall 1.3431 -1.4819 1.4318 -1.3964
wall 1.4318 -1.3964 1.5151 -1.3055
wall 1.5151 -1.3055 1.5927 -1.2097
wall 1.5927 -1.2097 1.6642 -1.1093
wall 1.6642 -1.1093 1.7293 -1.0047
wall 1.7293 -1.0047 1.7879 -0.8963
wall 1.7879 -0.8963 1.8397 -0.7845
wall 1.8397 -0.7845 1.8846 -0.6697
wall 1.8846 -0.6697 1.9222 -0.5523
wall 1.9222 -0.5523 1.9526 -0.4329
wall 1.9526 -0.4329 1.9755 -0.3118
wall 1.9755 -0.3118 1.9910 -0.1895
wall 1.9910 -0.1895 1.9989 -0.0665
wall 1.9989 -0.0665 1.9992 0.0567
wall 1.9992 0.0567 1.9919 0.1797
wall 1.9919 0.1797 1.9771 0.3021
wall 1.9771 0.3021 1.9547 0.4233
wall 1.9547 0.4233 1.9249 0.5429
wall 1.9249 0.5429 1.8878 0.6604
wall 1.8878 0.6604 1.8436 0.7754
wall 1.8436 0.7754 1.7923 0.8875
wall 1.7923 0.8875 1.7342 0.9962
wall 1.7342 0.9962 1.6696 1.1011
wall 1.6696 1.1011 1.5986 1.2019
wall 1.5986 1.2019 1.5215 1.2981
wall 1.5215 1.2981 1.4387 1.3893

wall 0.8135 1.8271 0.7431 1.8568
wall 0.7431 1.8568 0.6717 1.8838
wall 0.6717 1.8838 0.5993 1.9081
wall 0.5993 1.9081 0.5261 1.9296
wall 0.5261 1.9296 0.4520 1.9482
wall 0.4520 1.9482 0.3773 1.9641
wall 0.3773 1.9641 0.3021 1.9771
wall 0.3021 1.9771 0.2264 1.9871
wall 0.2264 1.9871 0.1504 1.9943
wall 0.1504 1.9943 0.0742 1.9986
wall 0.0742 1.9986 -0.0022 2.0000
wall -0.0022 2.0000 -0.0785 1.9985
wall -0.0785 1.9985 -0.1547 1.9940
wall -0.1547 1.9940 -0.2307 1.9866
wall -0.2307 1.9866 -0.3064 1.9764
wall -0.3064 1.9764 -0.3816 1.9633
wall -0.3816 1.9633 -0.4563 1.9473
wall -0.4563 1.9473 -0.5303 1.9284
wall -0.5303 1.9284 -0.6035 1.9068
wall -0.6035 1.9068 -0.6758 1.8824
wall -0.6758 1.8824 -0.7472 1.8552
wall -0.7472 1.8552 -0.8175 1.8253
wall -0.8175 1.8253 -0.8865 1.7928
wall -0.8865 1.7928 -0.9543 1.7576
wall -0.9543 1.7576 -1.0207 1.7199
wall -1.0207 1.7199 -1.0856 1.6797
wall -1.0856 1.6797 -1.1489 1.6371
wall -1.1489 1.6371 -1.2106 1.5920
wall -1.2106 1.5920 -1.2705 1.5446
wall -1.2705 1.5446 -1.3285 1.4950
wall -1.3285 1.4950 -1.3846 1.4432
wall -1.3846 1.4432 -1.4387 1.3893

wall -1.8794 0.6840 -1.8856 0.6666
wall -1.8856 0.6666 -1.8917 0.6491
wall -1.8917 0.6491 -1.8977 0.6315
wall -1.8977 0.6315 -1.9035 0.6139
wall -1.9035 0.6139 -1.9091 0.5962
wall -1.9091 0.5962 -1.9145 0.5785
wall -1.9145 0.5785 -1.9198 0.5607
wall -1.9198 0.5607 -1.9249 0.5429
wall -1.9249 0.5429 -1.9299 0.5250
wall -1.9299 0.5250 -1.9346 0.5071
wall -1.9346 0.5071 -1.9393 0.4891
wall -1.9393 0.4891 -1.9437 0.4711
wall -1.9437 0.4711 -1.9480 0.4531
wall -1.9480 0.4531 -1.9521 0.4350
wall -1.9521 0.4350 -1.9561 0.4169
wall -1.9561 0.4169 -1.9598 0.3987
wall -1.9598 0.3987 -1.9635 0.3805
wall -1.9635 0.3805 -1.9669 0.3623
wall -1.9669 0.3623 -1.9702 0.3441
wall -1.9702 0.3441 -1.9733 0.3258
wall -1.9733 0.3258 -1.9762 0.3075
wall -1.9762 0.3075 -1.9790 0.2891
wall -1.9790 0.2891 -1.9816 0.2708
wall -1.9816 0.2708 -1.9840 0.2524
wall -1.9840 0.2524 -1.9863 0.2340
wall -1.9863 0.2340 -1.9883 0.2156
wall -1.9883 0.2156 -1.9903 0.1971
wall -1.9903 0.1971 -1.9920 0.1787
wall -1.9920 0.1787 -1.9936 0.1602
wall -1.9936 0.1602 -1.9950 0.1417
wall -1.9950 0.1417 -1.9962 0.1232
wall -1.9962 0.1232 -1.9973 0.1047

wall -1.8126 -0.8452 -1.7918 -0.8885
wall -1.7918 -0.8885 -1.7700 -0.9312
wall -1.7700 -0.9312 -1.7471 -0.9734
wall -1.7471 -0.9734 -1.7233 -1.0151
wall -1.7233 -1.0151 -1.6984 -1.0561
wall -1.6984 -1.0561 -1.6726 -1.0966
wall -1.6726 -1.0966 -1.6458 -1.1364
wall -1.6458 -1.1364 -1.6180 -1.1756
wall -1.6180 -1.1756 -1.5894 -1.2141
wall -1.5894 -1.2141 -1.5598 -1.2518
wall -1.5598 -1.2518 -1.5293 -1.2889
wall -1.5293 -1.2889 -1.4979 -1.3252
wall -1.4979 -1.3252 -1.4657 -1.3608
wall -1.4657 -1.3608 -1.4326 -1.3956
wall -1.4326 -1.3956 -1.3987 -1.4296
wall -1.3987 -1.4296 -1.3640 -1.4627
wall -1.3640 -1.4627 -1.3285 -1.4950
wall -1.3285 -1.4950 -1.2922 -1.5265
wall -1.2922 -1.5265 -1.2552 -1.5570
wall -1.2552 -1.5570 -1.2175 -1.5867
wall -1.2175 -1.5867 -1.1791 -1.6155
wall -1.1791 -1.6155 -1.1400 -1.6433
wall -1.1400 -1.6433 -1.1002 -1.6702
wall -1.1002 -1.6702 -1.0598 -1.6961
wall -1.0598 -1.6961 -1.0188 -1.7210
wall -1.0188 -1.7210 -0.9772 -1.7450
wall -0.9772 -1.7450 -0.9351 -1.7679
wall -0.9351 -1.7679 -0.8924 -1.7899
wall -0.8924 -1.7899 -0.8492 -1.8108
wall -0.8492 -1.8108 -0.8055 -1.8306
wall -0.8055 -1.8306 -0.7613 -1.8494
wall -0.7613 -1.8494 -0.7167 -1.8672

wall 0 -1 0 -4
wall 2 0 3 0

wall 0.0000 7.0000 -1.3244 6.8736
wall -1.3244 6.8736 -2.6010 6.4988
wall -2.6010 6.4988 -3.7836 5.8893
wall -3.7836 5.8893 -4.8295 5.0671
wall -4.8295 5.0671 -5.7010 4.0618
wall -5.7010 4.0618 -6.3666 2.9098
wall -6.3666 2.9098 -6.8021 1.6527
wall -6.8021 1.6527 -6.9919 0.3358
wall -6.9919 0.3358 -6.9292 -0.9931
wall -6.9292 -0.9931 -6.6161 -2.2862
wall -6.6161 -2.2862 -6.0641 -3.4967
wall -6.0641 -3.4967 -5.2930 -4.5809
wall -5.2930 -4.5809 -4.3307 -5.4996
wall -4.3307 -5.4996 -3.2119 -6.2196
wall -3.2119 -6.2196 -1.9771 -6.7150
wall -1.9771 -6.7150 -0.6709 -6.9678
wall -0.6709 -6.9678 0.6595 -6.9689
wall 0.6595 -6.9689 1.9661 -6.7182
wall 1.9661 -6.7182 3.2017 -6.2249
wall 3.2017 -6.2249 4.3217 -5.5067
wall 4.3217 -5.5067 5.2855 -4.5895
wall 5.2855 -4.5895 6.0584 -3.5066
wall 6.0584 -3.5066 6.6124 -2.2970
wall 6.6124 -2.2970 6.9276 -1.0044
wall 6.9276 -1.0044 6.9925 0.3244
wall 6.9925 0.3244 6.8048 1.6415
wall 6.8048 1.6415 6.3713 2.8994
wall 6.3713 2.8994 5.7077 4.0525
wall 5.7077 4.0525 4.8378 5.0592
wall 4.8378 5.0592 3.7932 5.8831
wall 3.7932 5.8831 2.6116 6.4946
wall 2.6116 6.4946 1.3357 6.8714

wall -0.6820 -0.7314 -2.728 -2.9254
wall -2 0 -4 0
wall 0 3 0 4
wall 1.4627 1.3640 2.1941 2.0460
wall 2.9254 2.7280 3.6568 3.4100
wall 4.3881 4.0920 5.1195 4.7740